mass_A
t	x	y
0.000000000E0	-7.486790775E-1	4.654999446E-2
1.666666667E-2	-7.490350869E-1	4.657477727E-2
3.333333333E-2	-7.489121455E-1	4.656841284E-2
5.000000000E-2	-7.502419723E-1	4.659713229E-2
6.666666667E-2	-7.507545589E-1	4.658716026E-2
8.333333333E-2	-7.560586577E-1	4.600866601E-2
1.000000000E-1	-7.565082253E-1	4.619056877E-2
1.166666667E-1	-7.507274995E-1	4.425030820E-2
1.333333333E-1	-7.509183023E-1	4.407110000E-2
1.500000000E-1	-7.523795252E-1	4.622019043E-2
1.666666667E-1	-7.521712788E-1	4.632674820E-2
1.833333333E-1	-7.488964155E-1	4.645590554E-2
2.000000000E-1	-7.488707352E-1	4.647890692E-2
2.166666667E-1	-7.469663488E-1	4.644473773E-2
2.333333333E-1	-7.464766206E-1	4.647372529E-2
2.500000000E-1	-7.471023527E-1	4.644657389E-2
2.666666667E-1	-7.468202229E-1	4.646011651E-2
2.833333333E-1	-7.475737055E-1	4.650608030E-2
3.000000000E-1	-7.481856327E-1	4.649330714E-2
3.166666667E-1	-7.497302335E-1	4.668445210E-2
3.333333333E-1	-7.494054082E-1	4.662326351E-2
3.500000000E-1	-7.479411354E-1	4.674325298E-2
3.666666667E-1	-7.481831407E-1	4.669285058E-2
3.833333333E-1	-7.490355415E-1	4.663374507E-2
4.000000000E-1	-7.489461946E-1	4.662046346E-2
4.166666667E-1	-7.500071062E-1	4.434630448E-2
4.333333333E-1	-7.497895499E-1	4.416586847E-2
4.500000000E-1	-7.610775000E-1	4.333564015E-2
4.666666667E-1	-7.603055170E-1	4.345149703E-2
4.833333333E-1	-7.614169846E-1	3.782140073E-2
5.000000000E-1	-7.607143968E-1	3.789543057E-2
5.166666667E-1	-7.544052601E-1	2.336289417E-2
5.333333333E-1	-7.543599368E-1	2.353976321E-2
5.500000000E-1	-7.619646477E-1	2.080180587E-2
5.666666667E-1	-7.621965124E-1	2.088988949E-2
5.833333333E-1	-7.672016034E-1	4.108408522E-3
6.000000000E-1	-7.674877027E-1	4.096673569E-3
6.166666667E-1	-7.738140073E-1	-7.510382394E-3
6.333333333E-1	-7.738592170E-1	-7.425008690E-3
6.500000000E-1	-7.792398457E-1	-2.099154388E-2
6.666666667E-1	-7.793135325E-1	-2.111433480E-2
6.833333333E-1	-7.816544877E-1	-4.916833449E-2
7.000000000E-1	-7.818971967E-1	-4.933601166E-2
7.166666667E-1	-7.824207942E-1	-5.496467860E-2
7.333333333E-1	-7.824415340E-1	-5.507590408E-2
7.500000000E-1	-7.824850466E-1	-7.868624230E-2
7.666666667E-1	-7.825035683E-1	-7.857130251E-2
7.833333333E-1	-7.801468032E-1	-9.828200173E-2
8.000000000E-1	-7.800812715E-1	-9.826358979E-2
8.166666667E-1	-8.095793560E-1	-1.527145189E-1
8.333333333E-1	-8.099372715E-1	-1.524329789E-1
8.500000000E-1	-7.970857229E-1	-1.777805092E-1
