mass_A
t	x	y
0.000000000E0	3.708833251E-1	-6.585778671E-2
3.336670003E-2	3.711098982E-1	-6.575735429E-2
6.673340007E-2	3.711581056E-1	-6.679677143E-2
1.001001001E-1	3.714830818E-1	-7.189680816E-2
1.334668001E-1	3.678695469E-1	-9.177491104E-2
1.668335002E-1	3.615733023E-1	-1.177578276E-1
2.002002002E-1	3.595029478E-1	-1.456634483E-1
2.335669002E-1	3.585620551E-1	-1.711222623E-1
2.669336003E-1	3.579860537E-1	-2.032240182E-1
3.003003003E-1	3.587500431E-1	-2.370100501E-1
3.336670003E-1	3.586594268E-1	-2.724422530E-1
3.670337004E-1	3.597535496E-1	-3.084475529E-1
4.004004004E-1	3.612321427E-1	-3.464477554E-1
4.337671004E-1	3.621109135E-1	-3.854162282E-1
4.671338005E-1	3.668675860E-1	-4.240940465E-1
5.005005005E-1	3.693357676E-1	-4.669493500E-1
5.338672005E-1	3.723029261E-1	-5.061207351E-1
5.672339006E-1	3.728035926E-1	-5.490837446E-1
6.006006006E-1	3.745811344E-1	-5.946466826E-1
6.339673006E-1	3.752069978E-1	-6.386134176E-1
6.673340007E-1	3.760899921E-1	-6.779703442E-1
7.007007007E-1	3.736430996E-1	-7.224693245E-1
7.340674007E-1	3.730784506E-1	-7.687590336E-1
7.674341008E-1	3.722800154E-1	-8.147721960E-1
8.008008008E-1	3.730073779E-1	-8.605410102E-1
8.341675008E-1	3.728583322E-1	-9.063468658E-1
8.675342009E-1	3.727905676E-1	-9.515503742E-1
9.009009009E-1	3.720689941E-1	-9.921297421E-1
9.342676009E-1	3.732085037E-1	-1.034003805E0
9.676343010E-1	3.724408372E-1	-1.080125949E0
1.001001001E0	3.726015198E-1	-1.125736252E0
1.034367701E0	3.725465551E-1	-1.168967394E0
1.067734401E0	3.719826267E-1	-1.211339700E0
1.101101101E0	3.716549693E-1	-1.253802200E0
1.134467801E0	3.720926979E-1	-1.298794687E0
1.167834501E0	3.716862451E-1	-1.336930095E0
1.201201201E0	3.719081425E-1	-1.379413136E0
1.234567901E0	3.719213600E-1	-1.417099645E0
1.267934601E0	3.720020351E-1	-1.460191597E0
1.301301301E0	3.714636299E-1	-1.498427196E0
1.334668001E0	3.722941644E-1	-1.540421372E0
1.368034701E0	3.715874544E-1	-1.580653831E0
1.401401401E0	3.723106039E-1	-1.620609826E0
1.434768101E0	3.714026921E-1	-1.661163753E0
1.468134801E0	3.719183894E-1	-1.701531288E0
1.501501502E0	3.718771589E-1	-1.739154077E0
1.534868202E0	3.720440363E-1	-1.781432614E0
1.568234902E0	3.718182402E-1	-1.820451812E0
1.601601602E0	3.714209773E-1	-1.863322160E0
1.634968302E0	3.720372543E-1	-1.906953062E0
1.668335002E0	3.712328770E-1	-1.945083798E0
1.701701702E0	3.715639803E-1	-1.989499547E0
